AREA_SIZE <- list(x = c(25,225), y = c(25, 225))
